x = [3 4 8 9 10];
x = 1:5;
x = 10:-2:0;
x = 5:.1:6;

x = 5:-2:10;
x = 4:.1:2;
x = 0:2:9;
x = -(1:5);

x = 4*(1:3);


x = [1 2 3 4 5 6 7 8 9 10];
x = 1:10;
x = (1 2 3 4 5 6 7 8 9 10);
x = 1:1:10;
x = [0.5:0.5:5]*2;

y = [1 3 7 9];

x = 1.5;
x+x;
x*x


